# BASIS SET
La DZV-MOLOPT-GTH
 1
 2 0 3 7 3 2 2 1
 2.23164410000000 6.36920883417662E-01 1.03388584239346E-01 -2.06422567585900E-01 -3.81942784914523E-01 5.20906412067701E-01 4.73211491187013E-01 1.15889907098170E-01 6.93296946031992E-01
 2.16099087000000 -6.75418466404104E-01 -8.42664751856035E-02 2.59875568312406E-01 4.37373559309912E-01 -5.93937877136375E-01 -5.49741748678359E-01 -1.46277969697783E-01 -7.17876496123734E-01
 1.41317457000000 -9.66147249143188E-03 -6.64158779908996E-02 -1.95672298632518E-02 -3.45694579474865E-02 4.93015199101241E-02 7.82129620957820E-02 -4.59601495753897E-02 5.97219634971428E-02
 0.50086179000000 -8.68264727109291E-02 1.43122704225202E-02 -4.91563714156940E-01 -8.83582552959101E-03 1.94125027653746E-01 1.64040718482716E-01 5.59472052518504E-01 1.02116139497366E-02
 0.21269094000000 1.20385193656121E-01 -2.59245000182893E-01 9.30792964823556E-02 -4.37185110575576E-02 8.28677725547327E-02 3.63493703937926E-01 4.13305278955870E-01 1.77787925070400E-02
 0.08321277000000 2.55759093405274E-01 4.04459579776489E-01 7.53245521359801E-01 -6.07374755222125E-01 -4.25188404683415E-01 5.25530276796041E-01 -5.82889025583462E-01 2.19592403155021E-03
 0.03171828000000 -2.24953760541049E-01 8.64175057544492E-01 -2.67944173556757E-01 -5.39198996607485E-01 -3.84872569218779E-01 1.80328935494740E-01 -3.73456961853954E-01 8.85102846811129E-04
