#BASIS SET
 Cu DZV-MOLOPT-SR-GTH DZV-MOLOPT-SR-GTH-q11
 1
 2 0 2 6 2 2 2
      5.804051150731  0.020918100390  0.045720931893 -0.004381592772 -0.021109803873  0.275442696345 -0.101811263028 
      2.947777593081 -0.106208582202 -0.094026024883  0.017185613995  0.020960301873  0.351705110927 -0.207670618594 
      1.271621207972  0.307397740339 -0.110623536813 -0.089805629814  0.233442747472  0.331635969640 -0.224161904198 
      0.517173767860  0.240805274553 -0.742218346329  0.054415126660  0.369266430953  0.259386540456  0.176105738988 
      0.198006620331 -0.798718095004  2.208107372713  0.446326740476 -1.405067129701  0.151105835782  0.210534119173 
      0.061684232135 -0.738671023869 -1.720016262377  0.468516012555  1.042169799071  0.030634833418  0.902456275117 

#BASIS SET
 O  DZV-MOLOPT-SR-GTH DZV-MOLOPT-SR-GTH-q6
 1
 2 0 1 5 2 2
     10.389228018317  0.126240722900  0.069215797900 -0.061302037200 -0.026862701100  
      3.849621072005  0.139933704300  0.115634538900 -0.190087511700 -0.006283021000  
      1.388401188741 -0.434348231700 -0.322839719400 -0.377726982800 -0.224839187800  
      0.496955043655 -0.852791790900 -0.095944016600 -0.454266086000  0.380324658600  
      0.162491615040 -0.242351537800  1.102830348700 -0.257388983000  1.054102919900  
